# CERCA CEGA DE FONTS PUNTUALS - Sony A7RIIIA + FE 300 mm f/2,8 GM - totalitat 12-08-2026
# 7 fotogrames sense filtre: 2x8s (DSC06987,06993) + 3x2s (06984,06996,06999) + 2x1s (06985,06991) = 24 s
# EXCLOSES: DSC06990 (moguda, per encarrec) i DSC06988 (1s, no es va poder registrar: 4,0 sigma sobre 6561 proves)
# Coordenades: pixels del sensor en el sistema de DSC06993 (area visible 7968x5320). Escala 3,234"/px.
# R: distancia al centre del DISC LUNAR ajustat a DSC06993, (3894,1 , 2765,6), en radis solars (Rsun=293 px).
#    El centre del Sol NO es el de la Lluna; a l'instant de DSC06993 la diferencia es ~2 px.
# flux: ADU/s verd-equivalent (obertura r=5 px, anell 7-10 px; corregit del mostreig verd del 50%)
# V_est: NOMES ORIENTATIU (punt zero modelat, k=0,37 mag/massa d'aire, X=6,4). Incertesa ~ +/-0,7 mag.
#
# id      x_px      y_px  R_Rsun  R_deg  flux_ADUs   err    S/N   SNR_A  SNR_C  nfr  FWHM_as   b/a    R/G    B/G   V_est
S01    5549.87    403.85    9.84   2.59       4268    40  106.4   147.2  117.6    7     11.2  0.82   0.64   0.32    6.01
S02    3242.48    765.81    7.18   1.89       1935    43   44.7    50.6   44.3    7     11.6  0.79   0.54   0.41    6.87
S03    5806.93   3498.21    6.99   1.84       1921    42   45.4    47.9   54.2    7     11.4  0.84   0.62   0.28    6.88
S04    3189.94    182.95    9.14   2.40       1413    40   34.9    42.7   36.9    7     11.6  0.78   0.57   0.44    7.21
S05    3233.76   3192.57    2.68   0.71        972    53   18.4    16.9   18.9    6     12.4  0.78   1.05   0.37    7.62
S06    6975.11   2387.54   10.59   2.79        959    38   25.2    29.4   25.5    7     11.4  0.82   0.71   0.39    7.63
S07    1372.27    139.75   12.43   3.27        867    34   25.2    26.7   27.8    7     11.9  0.81   0.61   0.33    7.74
S08    1306.88   1042.15   10.61   2.79        826    36   22.9    23.7   19.5    7     12.4  0.85   0.45   0.35    7.79
S09    7089.29   3686.14   11.35   2.99        728    36   20.3    25.4   24.1    7     11.3  0.85   0.93   0.36    7.93
S10    4834.28   1878.37    4.41   1.16        725    49   14.8    16.6   17.4    6     11.8  0.85   0.98   0.40    7.94
S11    1570.57   2039.35    8.31   2.19        694    39   18.0    16.0   17.7    6     12.3  0.79   0.52   0.36    7.98
S12    5309.68    386.89    9.45   2.49        623    41   15.3    18.5   17.2    7     11.3  0.87   0.50   0.22    8.10
S13    7581.61   3720.09   13.00   3.42        539    34   16.1    21.5   19.5    7     11.3  0.78   0.68   0.38    8.26
S14    5992.67    141.07   11.47   3.02        495    38   13.2    20.5   13.5    7     11.9  0.73   0.64   0.52    8.35
S15    2906.44    969.20    7.00   1.84        463    43   10.7    12.0   12.7    6     12.1  0.77   0.40   0.80    8.42
S16    4213.52    365.59    8.26   2.18        463    42   11.0    14.3   11.6    6     11.6  0.76   0.56   0.40    8.42
S17    6372.36   2538.86    8.49   2.24        412    41   10.0     9.6    6.2    5     12.5  0.86   0.44   0.33    8.55
S18    5922.69   3200.92    7.08   1.86        396    42    9.5    13.7   10.9    6     12.0  0.76   1.40   0.64    8.59
S19    7437.56   3058.96   12.14   3.19        358    36   10.1    10.5    9.5    6     12.7  0.88   0.60   0.38    8.70
S20    4928.34   4270.98    6.23   1.64        354    41    8.6     9.3    9.0    5     12.5  0.87   0.73   0.79    8.72
S21    3448.10   3224.80    2.18   0.58        349    60    5.9     8.8    7.1    6     12.7  0.75   0.29   0.47    8.73
S22    6450.25    576.42   11.49   3.02        344    38    9.2    10.0    9.3    5     12.3  0.77   0.67  -0.06    8.75
S23    2293.11   2198.15    5.80   1.53        341    43    8.0    11.7    8.1    6     12.0  0.79   0.81   0.44    8.76
S24    3483.00    667.65    7.30   1.92        292    44    6.7     6.8    7.4    5     12.8  0.84   0.46  -0.43    8.92
S25    7668.67   1322.53   13.79   3.63        276    34    8.2    10.9    8.4    6     11.3  0.82   0.59   0.19    8.98
S26    7591.38   4180.67   13.51   3.56        271    32    8.4    11.4   14.4    7     11.3  0.83   0.92  -0.15    9.00
S27    2971.75    873.89    7.18   1.89        260    43    6.1     8.2   10.2    5     11.2  0.75   2.39   1.23    9.05
S28    5497.78   2384.72    5.63   1.48        248    46    5.4     7.7    5.2    4     13.0  0.76   0.52  -0.16    9.10
S29    1390.25   2833.74    8.55   2.25        245    37    6.7     5.0    6.1    2     13.1  0.82   0.83   0.25    9.12
S30    5573.25   1027.09    8.25   2.17        238    42    5.6     5.2    5.7    5     12.9  0.72   0.54   0.38    9.15
S31    2151.21   2420.80    6.06   1.60        234    41    5.7     6.2    7.3    5     12.1  0.81   0.71   0.13    9.16
S32    4442.91    262.30    8.75   2.30        233    42    5.6     8.0    8.4    5     11.8  0.82   0.47   0.41    9.17
S33    5639.05   1496.76    7.36   1.94        232    43    5.4     7.7    6.2    5     12.1  0.93   0.53   0.16    9.17
S34    1284.34   2718.28    8.91   2.34        201    36    5.5     8.3    5.4    6     12.4  0.76   0.87   0.25    9.33
S35    3743.89    851.10    6.55   1.73        199    45    4.4     5.7    4.8    5     12.9  0.71   0.76   0.27    9.34
S36    3490.96   1169.20    5.62   1.48        180    46    3.9     6.3    5.2    3     12.6  0.74   0.76   1.73    9.45
S37    7192.59   2060.25   11.51   3.03        172    37    4.7     4.9    4.9    5     13.0  0.74   0.47   0.07    9.50
S38    2021.75   1095.53    8.56   2.25        165    40    4.1     5.5    5.9    4     12.9  0.84   0.53   0.20    9.54
